1 2 
2 1 
2 3 
2 4 
2 38 
3 2 
4 2 
4 37
4 29
5 4
6 38
6 7
6 39
7 6
8 39
8 9
8 10
8 11
9 8
10 8
11 8
11 41
11 42
12 41
12 14
13 42
13 14
13 16
13 20
14 12
14 15
15 21
16 13
17 16
18 43
37 18
18 19
19 18
19 20
19 26
20 13
20 25
20 19
21 15
21 22
22 21
22 23
22 24
23 22
24 22
24 34
24 33
24 25
25 24
25 20
25 35
26 35
26 19
26 27
26 31
27 26
27 44
28 44
28 29
29 28
29 4
29 30
30 29
31 26
31 32
32 31
33 24
34 24
35 25
35 26
35 36
36 35
38 2
38 6
39 6
39 8
39 40
40 39
41 11
41 12
42 11
42 13
43 17
44 27
44 28
45 20 
20 45 
45 19 
19 45 
28 27 
27 28 